41909
597621
537039
163075
384666
504140
32163
486980
765334
558791
605856
551829
751384
425770
905628
908351
452291
173976
7314
213432
691633
687325
459074
819223
226374
396321
407610
172133
885605
277876
828963
726490
599130
324502
448961
804489
182121
1536
587935
486434
621670
402132
54147
323129
434134
245186
57791
555924
721816
191990
185821
21682
626893
399699
185067
74397
870811
232639
614831
798584
438491
183501
468736
36292
699754
522190
666882
354640
187242
596972
369102
846221
818382
715883
138746
466323
227675
587721
495084
812640
223236
637936
438493
133962
557124
914474
483532
655158
260644
839863
772466
427629
717644
298511
556129
887710
213770
564521
48888
671193
